BANK ID,Account Number,Account Type,Balance,Start Date,End Date,Transaction Type,Transaction Date,Transaction Amount,Transaction ID, Transaction Description
031176110,125513319,CHECKING,1967.44,2015-01-01,2015-10-24,DEBIT,2015-10-23,-11.43,2117,Debit Card Purchase - THE KATIROLL COMPANY NEW YORK NY
031176110,125513319,CHECKING,1978.87,2015-01-01,2015-10-24,DEBIT,2015-10-19,-157.4,2115,Debit Card Purchase - ULTIMARCLTD 07769654888  
031176110,125513319,CHECKING,2136.27,2015-01-01,2015-10-24,DEBIT,2015-10-16,-50,2114,Electronic Payment to National Grid
031176110,125513319,CHECKING,2186.27,2015-01-01,2015-10-24,DEBIT,2015-10-16,-1500,2113,Withdrawal from ALLY BANK $TRANSFER
031176110,125513319,CHECKING,3686.27,2015-01-01,2015-10-24,CREDIT,2015-10-15,3662.55,2112,Deposit from FIDELITY EMP SVC PUBMATICIN
031176110,125513319,CHECKING,23.72,2015-01-01,2015-10-24,DEBIT,2015-10-13,-4399.51,2111,Withdrawal from AMEX EPayment ACH PMT
031176110,125513319,CHECKING,4423.23,2015-01-01,2015-10-24,CREDIT,2015-10-11,1000,2110,Deposit from Savings XXXXX8671
031176110,125513319,CHECKING,3423.23,2015-01-01,2015-10-24,DEBIT,2015-10-10,-102.25,2109,ATM Withdrawal - 686 WASHINGTON AVE  BROOKLYN  NY US
031176110,125513319,CHECKING,3525.48,2015-01-01,2015-10-24,DEBIT,2015-10-09,-11.98,2107,Debit Card Purchase - THE KATIROLL COMPANY NEW YORK NY
031176110,125513319,CHECKING,3537.46,2015-01-01,2015-10-24,DEBIT,2015-10-02,-12,2106,Withdrawal from Capital One Inv. ProgramChg
031176110,125513319,CHECKING,3549.46,2015-01-01,2015-10-24,CREDIT,2015-09-30,0.16,2105,Monthly Interest Paid
031176110,125513319,CHECKING,3549.3,2015-01-01,2015-10-24,CREDIT,2015-09-30,3217.9,2104,Deposit from FIDELITY EMP SVC PUBMATICIN
031176110,125513319,CHECKING,331.4,2015-01-01,2015-10-24,DEBIT,2015-09-29,-300,2103,Withdrawal from ALLY BANK $TRANSFER
031176110,125513319,CHECKING,631.4,2015-01-01,2015-10-24,DEBIT,2015-09-23,-289.61,2102,Withdrawal from AMEX EPayment ACH PMT
031176110,125513319,CHECKING,921.01,2015-01-01,2015-10-24,DEBIT,2015-09-18,-2500,2101,Withdrawal from ALLY BANK $TRANSFER
031176110,125513319,CHECKING,3421.01,2015-01-01,2015-10-24,DEBIT,2015-09-17,-43,2099,Debit Card Purchase - RENEGADEJUG 8314267343 CA
031176110,125513319,CHECKING,3464.01,2015-01-01,2015-10-24,DEBIT,2015-09-15,-12.42,2097,Debit Card Purchase - ALPINE MEATS BLAIRSTOWN NJ
031176110,125513319,CHECKING,3476.43,2015-01-01,2015-10-24,CREDIT,2015-09-15,3127.92,2096,Deposit from FIDELITY EMP SVC PUBMATICIN
031176110,125513319,CHECKING,348.51,2015-01-01,2015-10-24,CREDIT,2015-09-11,40,2095,Deposit from VENMO CASHOUT
031176110,125513319,CHECKING,308.51,2015-01-01,2015-10-24,DEBIT,2015-09-02,-12,2093,Withdrawal from Capital One Inv. ProgramChg
031176110,125513319,CHECKING,320.51,2015-01-01,2015-10-24,DEBIT,2015-09-02,-833,2092,Withdrawal from ALLY BANK $TRANSFER
031176110,125513319,CHECKING,1153.51,2015-01-01,2015-10-24,DEBIT,2015-09-02,-747.95,2091,Withdrawal from AMEX EPayment ACH PMT
031176110,125513319,CHECKING,1901.46,2015-01-01,2015-10-24,DEBIT,2015-09-02,-500,2090,Withdrawal from ALLY BANK $TRANSFER
031176110,125513319,CHECKING,2401.46,2015-01-01,2015-10-24,DEBIT,2015-09-02,-114.94,2089,Withdrawal from PAYPAL to GARY KERTIS INST XFER
031176110,125513319,CHECKING,2516.4,2015-01-01,2015-10-24,DEBIT,2015-09-01,-1000,2088,Internet Withdrawal to ShareBuilder Individual XXX3902
031176110,125513319,CHECKING,3516.4,2015-01-01,2015-10-24,CREDIT,2015-08-31,0.13,2087,Monthly Interest Paid
031176110,125513319,CHECKING,3516.27,2015-01-01,2015-10-24,DEBIT,2015-08-31,-18.96,2086,Electronic Payment to National Grid
031176110,125513319,CHECKING,3535.23,2015-01-01,2015-10-24,CREDIT,2015-08-31,3256.86,2085,Deposit from FIDELITY EMP SVC PUBMATICIN
031176110,125513319,CHECKING,278.37,2015-01-01,2015-10-24,CREDIT,2015-08-30,70.69,2084,Check Deposit (Mobile)
031176110,125513319,CHECKING,207.68,2015-01-01,2015-10-24,DEBIT,2015-08-18,-1700,2082,Withdrawal from ALLY BANK $TRANSFER
031176110,125513319,CHECKING,1907.68,2015-01-01,2015-10-24,DEBIT,2015-08-18,-1345.53,2081,Withdrawal from AMEX EPayment ACH PMT
031176110,125513319,CHECKING,3253.21,2015-01-01,2015-10-24,CREDIT,2015-08-14,3127.9,2080,Deposit from FIDELITY EMP SVC PUBMATICIN
031176110,125513319,CHECKING,125.31,2015-01-01,2015-10-24,DEBIT,2015-08-07,-16.88,2079,Electronic Payment to National Grid
031176110,125513319,CHECKING,142.19,2015-01-01,2015-10-24,CREDIT,2015-08-06,70.69,2078,Check Deposit (Mobile)
031176110,125513319,CHECKING,71.5,2015-01-01,2015-10-24,DEBIT,2015-08-05,-700,2077,Withdrawal from ALLY BANK $TRANSFER
031176110,125513319,CHECKING,771.5,2015-01-01,2015-10-24,DEBIT,2015-08-04,-12,2076,Withdrawal from Capital One Inv. ProgramChg
031176110,125513319,CHECKING,783.5,2015-01-01,2015-10-24,CREDIT,2015-07-31,0.15,2075,Monthly Interest Paid
031176110,125513319,CHECKING,783.35,2015-01-01,2015-10-24,DEBIT,2015-07-31,-101.75,2074,ATM Withdrawal - 314 FLATBUSH AVENUE  BROOKLYN  NY US
031176110,125513319,CHECKING,885.1,2015-01-01,2015-10-24,DEBIT,2015-07-31,-2000,2073,Internet Withdrawal to ShareBuilder Individual XXX3902
031176110,125513319,CHECKING,2885.1,2015-01-01,2015-10-24,DEBIT,2015-07-31,-400,2072,Internet Withdrawal to ShareBuilder Roth IRA XXX7752
031176110,125513319,CHECKING,3285.1,2015-01-01,2015-10-24,CREDIT,2015-07-31,3256.9,2071,Deposit from FIDELITY EMP SVC PUBMATICIN
031176110,125513319,CHECKING,28.2,2015-01-01,2015-10-24,DEBIT,2015-07-27,-100,2070,Paper Payment to Deborah De Santis-Moniaci
031176110,125513319,CHECKING,128.2,2015-01-01,2015-10-24,CREDIT,2015-07-26,50,2069,Internet Deposit from ShareBuilder Individual XXX3902
031176110,125513319,CHECKING,78.2,2015-01-01,2015-10-24,DEBIT,2015-07-24,-11.98,2067,Debit Card Purchase - THE KATIROLL COMPANY NEW YORK NY
031176110,125513319,CHECKING,90.18,2015-01-01,2015-10-24,DEBIT,2015-07-22,-394.12,2066,Withdrawal from AMEX EPayment ACH PMT
031176110,125513319,CHECKING,484.3,2015-01-01,2015-10-24,DEBIT,2015-07-21,-100,2065,Paper Payment to Deborah De Santis-Moniaci
031176110,125513319,CHECKING,584.3,2015-01-01,2015-10-24,CREDIT,2015-07-21,250,2064,Deposit from Savings XXXXX8671
031176110,125513319,CHECKING,334.3,2015-01-01,2015-10-24,DEBIT,2015-07-21,-2500,2063,Withdrawal from ALLY BANK $TRANSFER
031176110,125513319,CHECKING,2834.3,2015-01-01,2015-10-24,DEBIT,2015-07-20,-85.2,2061,Debit Card Purchase - BROTHERS TRATTORIA INC BEACON NY
031176110,125513319,CHECKING,2919.5,2015-01-01,2015-10-24,CREDIT,2015-07-20,0.06,2060,Interest Paid
031176110,125513319,CHECKING,2919.44,2015-01-01,2015-10-24,CREDIT,2015-07-20,4.76,2059,Credit Adjustment Conversion Fee
031176110,125513319,CHECKING,2914.68,2015-01-01,2015-10-24,DEBIT,2015-07-20,-300,2058,Internet Withdrawal to ShareBuilder Individual XXX3902
031176110,125513319,CHECKING,3214.68,2015-01-01,2015-10-24,DEBIT,2015-07-17,-82,2057,ATM Withdrawal - 71 OLD GLENHAM ROAD  GLENHAM  NY US
031176110,125513319,CHECKING,3296.68,2015-01-01,2015-10-24,DEBIT,2015-07-17,-213.7,2054,Withdrawal from NYS DTF BILL PYT Tax Paymnt
031176110,125513319,CHECKING,3510.38,2015-01-01,2015-10-24,DEBIT,2015-07-16,-250,2053,Withdrawal from PAYPAL to GARY KERTIS INST XFER
031176110,125513319,CHECKING,3760.38,2015-01-01,2015-10-24,CREDIT,2015-07-15,3127.91,2052,Deposit from FIDELITY EMP SVC PUBMATICIN
031176110,125513319,CHECKING,632.47,2015-01-01,2015-10-24,CREDIT,2015-07-15,248.46,2051,Check Deposit (Mobile)
031176110,125513319,CHECKING,384.01,2015-01-01,2015-10-24,DEBIT,2015-07-05,-400,2049,Internet Withdrawal to ShareBuilder Individual XXX3902
031176110,125513319,CHECKING,784.01,2015-01-01,2015-10-24,DEBIT,2015-07-03,-101.75,2048,ATM Withdrawal - 612 NOSTRAND AVE  BROOKLYN  NY US
031176110,125513319,CHECKING,885.76,2015-01-01,2015-10-24,DEBIT,2015-07-02,-10.89,2046,Debit Card Purchase - THE KATIROLL COMPANY NEW YORK NY
031176110,125513319,CHECKING,896.65,2015-01-01,2015-10-24,DEBIT,2015-07-02,-12,2045,Withdrawal from Capital One Inv. ProgramChg
031176110,125513319,CHECKING,908.65,2015-01-01,2015-10-24,DEBIT,2015-07-01,-1000,2044,Withdrawal from ALLY BANK $TRANSFER
031176110,125513319,CHECKING,1908.65,2015-01-01,2015-10-24,CREDIT,2015-06-30,0.79,2043,Monthly Interest Paid
031176110,125513319,CHECKING,1907.86,2015-01-01,2015-10-24,DEBIT,2015-06-30,-1876,2042,Withdrawal to Savings XXXXX8671
031176110,125513319,CHECKING,3783.86,2015-01-01,2015-10-24,DEBIT,2015-06-30,-2000,2041,Internet Withdrawal to ShareBuilder Roth IRA XXX7752
031176110,125513319,CHECKING,5783.86,2015-01-01,2015-10-24,DEBIT,2015-06-30,-594.05,2040,Withdrawal from AMEX EPayment ACH PMT
031176110,125513319,CHECKING,6377.91,2015-01-01,2015-10-24,CREDIT,2015-06-30,3256.9,2039,Deposit from FIDELITY EMP SVC PUBMATICIN
031176110,125513319,CHECKING,3121.01,2015-01-01,2015-10-24,DEBIT,2015-06-25,-3000,2038,Withdrawal from ALLY BANK $TRANSFER
031176110,125513319,CHECKING,6121.01,2015-01-01,2015-10-24,DEBIT,2015-06-16,-815,2037,Paper Payment to Nicholas Kuvach
031176110,125513319,CHECKING,6936.01,2015-01-01,2015-10-24,CREDIT,2015-06-15,3127.91,2036,Deposit from FIDELITY EMP SVC PUBMATICIN
031176110,125513319,CHECKING,3808.1,2015-01-01,2015-10-24,DEBIT,2015-06-11,-38.04,2035,Electronic Payment to National Grid
031176110,125513319,CHECKING,3846.14,2015-01-01,2015-10-24,DEBIT,2015-06-09,-250,2034,Withdrawal from PAYPAL to GARY KERTIS INST XFER
031176110,125513319,CHECKING,4096.14,2015-01-01,2015-10-24,DEBIT,2015-06-05,-2274.66,2033,Withdrawal from AMEX EPayment ACH PMT
031176110,125513319,CHECKING,6370.8,2015-01-01,2015-10-24,DEBIT,2015-06-02,-12,2032,Withdrawal from Capital One Inv. ProgramChg
031176110,125513319,CHECKING,6382.8,2015-01-01,2015-10-24,DEBIT,2015-06-01,-2000,2031,Withdrawal from ALLY BANK $TRANSFER
031176110,125513319,CHECKING,8382.8,2015-01-01,2015-10-24,CREDIT,2015-05-31,0.58,2030,Monthly Interest Paid
031176110,125513319,CHECKING,8382.22,2015-01-01,2015-10-24,CREDIT,2015-05-29,5870.29,2029,Deposit from FIDELITY EMP SVC PUBMATICIN
031176110,125513319,CHECKING,2511.93,2015-01-01,2015-10-24,DEBIT,2015-05-28,-101.99,2028,ATM Withdrawal - 70 WEST 39TH STREET  NEW YORK  NY US
031176110,125513319,CHECKING,2613.92,2015-01-01,2015-10-24,DEBIT,2015-05-22,-20.15,2027,Electronic Payment to National Grid
031176110,125513319,CHECKING,2634.07,2015-01-01,2015-10-24,DEBIT,2015-05-18,-2500,2026,Withdrawal from ALLY BANK $TRANSFER
031176110,125513319,CHECKING,5134.07,2015-01-01,2015-10-24,CREDIT,2015-05-15,3256.9,2025,Deposit from FIDELITY EMP SVC PUBMATICIN
031176110,125513319,CHECKING,1877.17,2015-01-01,2015-10-24,DEBIT,2015-05-13,-180,2023,Debit Card Purchase - VENMO 08558124430 NY
031176110,125513319,CHECKING,2057.17,2015-01-01,2015-10-24,DEBIT,2015-05-05,-2000,2022,Withdrawal from ALLY BANK $TRANSFER
031176110,125513319,CHECKING,4057.17,2015-01-01,2015-10-24,DEBIT,2015-05-04,-12,2021,Withdrawal from Capital One Inv. ProgramChg
031176110,125513319,CHECKING,4069.17,2015-01-01,2015-10-24,DEBIT,2015-05-02,-202.75,2020,ATM Withdrawal - 20 ST JAMES ST  KINGSTON  NY US
031176110,125513319,CHECKING,4271.92,2015-01-01,2015-10-24,CREDIT,2015-04-30,0.17,2019,Monthly Interest Paid
031176110,125513319,CHECKING,4271.75,2015-01-01,2015-10-24,CREDIT,2015-04-30,3127.91,2018,Deposit from FIDELITY EMP SVC PUBMATICIN
031176110,125513319,CHECKING,1143.84,2015-01-01,2015-10-24,DEBIT,2015-04-23,-3308,2017,Withdrawal to Savings XXXXX8671
031176110,125513319,CHECKING,4451.84,2015-01-01,2015-10-24,DEBIT,2015-04-23,-2517.43,2016,Withdrawal from AMEX EPayment ACH PMT
031176110,125513319,CHECKING,6969.27,2015-01-01,2015-10-24,CREDIT,2015-04-22,6500,2015,Deposit from ALLY BANK P2P GARY M KERTIS
031176110,125513319,CHECKING,469.27,2015-01-01,2015-10-24,DEBIT,2015-04-16,-3000,2014,Withdrawal from ALLY BANK $TRANSFER
031176110,125513319,CHECKING,3469.27,2015-01-01,2015-10-24,CREDIT,2015-04-15,3127.91,2013,Deposit from FIDELITY EMP SVC PUBMATICIN
031176110,125513319,CHECKING,341.36,2015-01-01,2015-10-24,DEBIT,2015-04-02,-12,2012,Withdrawal from Capital One Inv. ProgramChg
031176110,125513319,CHECKING,353.36,2015-01-01,2015-10-24,DEBIT,2015-04-01,-21.08,2011,Electronic Payment to National Grid
031176110,125513319,CHECKING,374.44,2015-01-01,2015-10-24,DEBIT,2015-04-01,-2500,2010,Withdrawal from ALLY BANK $TRANSFER
031176110,125513319,CHECKING,2874.44,2015-01-01,2015-10-24,CREDIT,2015-03-31,0.18,2009,Monthly Interest Paid
031176110,125513319,CHECKING,2874.26,2015-01-01,2015-10-24,DEBIT,2015-03-31,-500,2008,Withdrawal to Savings XXXXX8671
031176110,125513319,CHECKING,3374.26,2015-01-01,2015-10-24,CREDIT,2015-03-31,3326.9,2007,Deposit from FIDELITY EMP SVC PUBMATICIN
031176110,125513319,CHECKING,47.36,2015-01-01,2015-10-24,DEBIT,2015-03-23,-70,2006,Withdrawal from 770510487C SUBLIME HQ PTY LTD IAT PAYPAL
031176110,125513319,CHECKING,117.36,2015-01-01,2015-10-24,DEBIT,2015-03-18,-200,2005,Internet Withdrawal to ShareBuilder Roth IRA XXX7752
031176110,125513319,CHECKING,317.36,2015-01-01,2015-10-24,DEBIT,2015-03-16,-3000,2004,Withdrawal from ALLY BANK $TRANSFER
031176110,125513319,CHECKING,3317.36,2015-01-01,2015-10-24,CREDIT,2015-03-13,3127.9,2003,Deposit from FIDELITY EMP SVC PUBMATICIN
031176110,125513319,CHECKING,189.46,2015-01-01,2015-10-24,DEBIT,2015-03-10,-268.03,2002,Withdrawal from AMEX EPayment ACH PMT
031176110,125513319,CHECKING,457.49,2015-01-01,2015-10-24,DEBIT,2015-03-09,-500,2001,Internet Withdrawal to ShareBuilder Individual XXX3902
031176110,125513319,CHECKING,957.49,2015-01-01,2015-10-24,DEBIT,2015-03-09,-220,2000,Internet Withdrawal to ShareBuilder Roth IRA XXX7752
031176110,125513319,CHECKING,1177.49,2015-01-01,2015-10-24,DEBIT,2015-03-09,-660,1999,Internet Withdrawal to ShareBuilder Roth IRA XXX7752
031176110,125513319,CHECKING,1837.49,2015-01-01,2015-10-24,DEBIT,2015-03-03,-12,1998,Withdrawal from Capital One Inv. ProgramChg
031176110,125513319,CHECKING,1849.49,2015-01-01,2015-10-24,DEBIT,2015-03-02,-19.53,1997,Electronic Payment to National Grid
031176110,125513319,CHECKING,1869.02,2015-01-01,2015-10-24,DEBIT,2015-03-02,-2000,1996,Withdrawal from ALLY BANK $TRANSFER
031176110,125513319,CHECKING,3869.02,2015-01-01,2015-10-24,DEBIT,2015-03-02,-725.81,1995,Withdrawal from AMEX EPayment ACH PMT
031176110,125513319,CHECKING,4594.83,2015-01-01,2015-10-24,CREDIT,2015-02-28,0.14,1994,Monthly Interest Paid
031176110,125513319,CHECKING,4594.69,2015-01-01,2015-10-24,DEBIT,2015-02-27,-1000,1993,1000 - Withdrawal to Savings XXXXX8671
031176110,125513319,CHECKING,5594.69,2015-01-01,2015-10-24,CREDIT,2015-02-27,5397.18,1992,Deposit from FIDELITY EMP SVC PUBMATICIN
031176110,125513319,CHECKING,197.51,2015-01-01,2015-10-24,DEBIT,2015-02-20,-1500,1991,Withdrawal from ALLY BANK $TRANSFER
031176110,125513319,CHECKING,1697.51,2015-01-01,2015-10-24,CREDIT,2015-02-19,1000,1990,Deposit from Savings XXXXX8671
031176110,125513319,CHECKING,697.51,2015-01-01,2015-10-24,DEBIT,2015-02-17,-936.83,1989,Withdrawal from AMEX EPayment ACH PMT
031176110,125513319,CHECKING,1634.34,2015-01-01,2015-10-24,DEBIT,2015-02-13,-1000,1988,Withdrawal to Savings XXXXX8671
031176110,125513319,CHECKING,2634.34,2015-01-01,2015-10-24,CREDIT,2015-02-13,2429.76,1987,Deposit from FIDELITY EMP SVC PUBMATICIN
031176110,125513319,CHECKING,204.58,2015-01-01,2015-10-24,DEBIT,2015-02-09,-21.76,1986,Electronic Payment to National Grid
031176110,125513319,CHECKING,226.34,2015-01-01,2015-10-24,DEBIT,2015-02-03,-12,1985,Withdrawal from Capital One Inv. ProgramChg
031176110,125513319,CHECKING,238.34,2015-01-01,2015-10-24,DEBIT,2015-02-03,-1000,1984,Withdrawal from ALLY BANK $TRANSFER
031176110,125513319,CHECKING,1238.34,2015-01-01,2015-10-24,CREDIT,2015-01-31,0.14,1983,Monthly Interest Paid
031176110,125513319,CHECKING,1238.2,2015-01-01,2015-10-24,DEBIT,2015-01-31,-1900,1982,Withdrawal to Savings XXXXX8671
031176110,125513319,CHECKING,3138.2,2015-01-01,2015-10-24,CREDIT,2015-01-30,2429.77,1981,Deposit from FIDELITY EMP SVC PUBMATICIN
031176110,125513319,CHECKING,708.43,2015-01-01,2015-10-24,DEBIT,2015-01-26,-22.56,1979,Debit Card Purchase - STEWARTS SCOTTISH MARK KEARNY NJ
031176110,125513319,CHECKING,730.99,2015-01-01,2015-10-24,DEBIT,2015-01-16,-1500,1978,Withdrawal from ALLY BANK $TRANSFER
031176110,125513319,CHECKING,2230.99,2015-01-01,2015-10-24,DEBIT,2015-01-16,-509.75,1977,Withdrawal from AMEX EPayment ACH PMT
031176110,125513319,CHECKING,2740.74,2015-01-01,2015-10-24,DEBIT,2015-01-15,-220,1976,Internet Withdrawal to ShareBuilder Roth IRA XXX7752
031176110,125513319,CHECKING,2960.74,2015-01-01,2015-10-24,CREDIT,2015-01-15,2429.76,1975,Deposit from FIDELITY EMP SVC PUBMATICIN
031176110,125513319,CHECKING,530.98,2015-01-01,2015-10-24,DEBIT,2015-01-05,-20.68,1974,Electronic Payment to National Grid
031176110,125513319,CHECKING,551.66,2015-01-01,2015-10-24,DEBIT,2015-01-05,-12,1973,Withdrawal from ShareBuilder ProgramChg
031176110,125513319,CHECKING,563.66,2015-01-01,2015-10-24,DEBIT,2015-01-02,-1400,1972,Withdrawal from ALLY BANK $TRANSFER